节点位移	
-0.3431	1.0294	0.0	0.0	0.0	0.0	0.0	0.0	

	
单元节点位移(局部坐标系)	
0.9706	0.0	
1.0294	0.0	
0.4853	0.0	

	
单元节点位移(整体坐标系)	
-0.3431	1.0294	0.0	0.0	
-0.3431	1.0294	0.0	0.0	
-0.3431	1.0294	0.0	0.0	

	
单元内力	
0.6863	-0.6863	
1.0294	-1.0294	
0.6863	-0.6863	

	
单元应力	
-0.686	-1.029	-0.343	

	
单元节点力	
-0.4853	0.4853	0.4853	-0.4853	
0.0	1.0294	0.0	-1.0294	
0.4853	0.4853	-0.4853	-0.4853	

	
结构节点力	
0.0	2.0	0.4853	-0.4853	0.0	-1.0294	-0.4853	-0.4853	

	
约束反力	
0.0	0.0	0.4853	-0.4853	0.0	-1.0294	-0.4853	-0.4853	
