节点位移	
0.0	0.0	0.0	0.0	1.1155	-4.2707	-0.8845	-3.3862	

	
单元节点位移(局部坐标系)	
0.0	0.0	
0.0	1.1155	
4.2707	3.3862	
0.8845	0.0	
0.0	1.769	
0.0	-2.231	

	
单元节点位移(整体坐标系)	
0.0	0.0	0.0	0.0	
0.0	0.0	1.1155	-4.2707	
1.1155	-4.2707	-0.8845	-3.3862	
-0.8845	-3.3862	0.0	0.0	
0.0	0.0	-0.8845	-3.3862	
0.0	0.0	1.1155	-4.2707	

	
单元内力	
0.0	0.0	
-1.1155	1.1155	
0.8845	-0.8845	
0.8845	-0.8845	
-1.2509	1.2509	
1.5776	-1.5776	

	
单元应力	
0.0	1.116	-0.884	-0.884	1.251	-1.578	

	
单元节点力	
0.0	0.0	0.0	0.0	
-1.1155	0.0	1.1155	0.0	
0.0	-0.8845	0.0	0.8845	
-0.8845	0.0	0.8845	0.0	
-0.8845	0.8845	0.8845	-0.8845	
1.1155	1.1155	-1.1155	-1.1155	

	
结构节点力	
2.0	1.1155	-2.0	0.8845	0.0	-2.0	0.0	0.0	

	
约束反力	
2.0	1.1155	-2.0	0.8845	0.0	0.0	0.0	0.0	
