节点位移	
2.4168	0.0	-2.7769	7.6001	0.0	-2.6788	8.4491	0.0	2.9781	2.3187	0.0	2.88	0.0	0.0	0.0	0.0	0.0	0.0	0.0	0.0	0.0	0.0	0.0	0.0	

	
单元节点位移(局部坐标系)	
2.7769	2.6788	
7.6001	8.4491	
2.9781	2.88	
-2.3187	-2.4168	
3.6725	3.8686	
3.4799	3.676	
0.0	0.0	
-1.8942	0.0	
0.0	0.0	
0.0	0.0	
0.0	0.0	
2.1058	0.0	
-3.1587	0.0	
2.8413	0.0	

	
单元节点位移(整体坐标系)	
2.4168	0.0	-2.7769	7.6001	0.0	-2.6788	
7.6001	0.0	-2.6788	8.4491	0.0	2.9781	
8.4491	0.0	2.9781	2.3187	0.0	2.88	
2.3187	0.0	2.88	2.4168	0.0	-2.7769	
2.4168	0.0	-2.7769	8.4491	0.0	2.9781	
7.6001	0.0	-2.6788	2.3187	0.0	2.88	
8.4491	0.0	2.9781	0.0	0.0	0.0	
7.6001	0.0	-2.6788	0.0	0.0	0.0	
2.4168	0.0	-2.7769	0.0	0.0	0.0	
7.6001	0.0	-2.6788	0.0	0.0	0.0	
2.3187	0.0	2.88	0.0	0.0	0.0	
8.4491	0.0	2.9781	0.0	0.0	0.0	
8.4491	0.0	2.9781	0.0	0.0	0.0	
7.6001	0.0	-2.6788	0.0	0.0	0.0	

	
单元内力	
0.0981	-0.0981	
-0.849	0.849	
0.0981	-0.0981	
0.0981	-0.0981	
-0.1387	0.1387	
-0.1387	0.1387	
0.0	0.0	
-1.3394	1.3394	
0.0	0.0	
0.0	0.0	
0.0	0.0	
1.489	-1.489	
-1.8237	1.8237	
1.6404	-1.6404	

	
单元应力	
-0.098	0.849	-0.098	-0.098	0.139	0.139	0.0	1.339	0.0	0.0	0.0	-1.489	1.824	-1.64	

	
单元节点力	
0.0	0.0	-0.0981	0.0	0.0	0.0981	
-0.849	0.0	0.0	0.849	0.0	0.0	
0.0	0.0	0.0981	0.0	0.0	-0.0981	
-0.0981	0.0	0.0	0.0981	0.0	0.0	
-0.0981	0.0	0.0981	0.0981	0.0	-0.0981	
-0.0981	0.0	-0.0981	0.0981	0.0	0.0981	
0.0	0.0	0.0	0.0	0.0	0.0	
0.0	0.9471	-0.9471	0.0	-0.9471	0.9471	
0.0	0.0	0.0	0.0	0.0	0.0	
0.0	0.0	0.0	0.0	0.0	0.0	
0.0	0.0	0.0	0.0	0.0	0.0	
0.0	-1.0529	1.0529	0.0	1.0529	-1.0529	
1.0529	1.0529	-1.0529	-1.0529	-1.0529	1.0529	
0.9471	-0.9471	0.9471	-0.9471	0.9471	-0.9471	

	
结构节点力	
0.0	0.0	0.0	0.0	0.0	0.0	2.0	0.0	0.0	0.0	0.0	0.0	-1.0529	-2.0	2.0	0.0	0.0	0.0	0.0	0.0	0.0	-0.9471	2.0	-2.0	

	
约束反力	
0.0	0.0	0.0	0.0	0.0	0.0	0.0	0.0	0.0	0.0	0.0	0.0	-1.0529	-2.0	2.0	0.0	0.0	0.0	0.0	0.0	0.0	-0.9471	2.0	-2.0	
