节点位移	
0.0	1.1716	0.0	0.0	0.0	0.0	0.0	0.0	

	
单元节点位移(局部坐标系)	
0.8284	0.0	
1.1716	0.0	
0.8284	0.0	

	
单元节点位移(整体坐标系)	
0.0	1.1716	0.0	0.0	
0.0	1.1716	0.0	0.0	
0.0	1.1716	0.0	0.0	

	
单元内力	
0.5858	-0.5858	
1.1716	-1.1716	
0.5858	-0.5858	

	
单元应力	
-0.586	-1.172	-0.586	

	
单元节点力	
-0.4142	0.4142	0.4142	-0.4142	
0.0	1.1716	0.0	-1.1716	
0.4142	0.4142	-0.4142	-0.4142	

	
结构节点力	
0.0	2.0	0.4142	-0.4142	0.0	-1.1716	-0.4142	-0.4142	

	
约束反力	
0.0	0.0	0.4142	-0.4142	0.0	-1.1716	-0.4142	-0.4142	
