节点位移	
0.0	0.0	-0.0044	-0.0097	-0.0065	-0.0232	0.0	0.0	0.0042	-0.0083	0.0064	-0.0256	

	
单元节点位移	
0.0	0.0	0.0	0.0	0.0042	-0.0083	
0.0042	-0.0083	-0.0044	-0.0097	0.0	0.0	
0.0042	-0.0083	-0.0044	-0.0097	-0.0065	-0.0232	
-0.0065	-0.0232	0.0064	-0.0256	0.0042	-0.0083	

	
单元节点力	
0.0	0.0	0.0	0.0	0.0	0.0	
0.8915	-4.4277	-1.7791	5.3192	0.8877	-0.8915	
0.8915	-4.4277	-0.0038	3.5363	-0.8877	0.8915	
-1.3925	-12.4293	3.8844	13.8219	-2.4918	-1.3925	

	
结构节点力	
0.0	0.0	-1.7829	8.8555	-1.3925	-12.4293	0.0	0.0	1.7829	-8.8555	3.8844	13.8219	

	
约束反力	
0.0	0.0	-1.7829	8.8555	-1.3925	-12.4293	0.0	0.0	1.7829	-8.8555	3.8844	15.8219	
